# CosmoLike-compatible covariance matrix LSST Y1
1.411041685267049217e+10 1.486329325950132942e+10 1.486409535472775459e+10 1.486409778507471466e+10 1.486739758911734390e+10 0.000000000000000000e+00 0.000000000000000000e+00 0.000000000000000000e+00 0.000000000000000000e+00 0.000000000000000000e+00 0.000000000000000000e+00 0.000000000000000000e+00 0.000000000000000000e+00 0.000000000000000000e+00 0.000000000000000000e+00
1.486329325950132942e+10 1.565634019353067589e+10 1.565718508540714073e+10 1.565718764542786980e+10 1.566066351405007744e+10 0.000000000000000000e+00 0.000000000000000000e+00 0.000000000000000000e+00 0.000000000000000000e+00 0.000000000000000000e+00 0.000000000000000000e+00 0.000000000000000000e+00 0.000000000000000000e+00 0.000000000000000000e+00 0.000000000000000000e+00
1.486409535472775269e+10 1.565718508540714073e+10 1.565803002287806511e+10 1.565803258303694153e+10 1.566150863923384094e+10 0.000000000000000000e+00 0.000000000000000000e+00 0.000000000000000000e+00 0.000000000000000000e+00 0.000000000000000000e+00 0.000000000000000000e+00 0.000000000000000000e+00 0.000000000000000000e+00 0.000000000000000000e+00 0.000000000000000000e+00
1.486409778507471466e+10 1.565718764542786980e+10 1.565803258303694153e+10 1.565803514319623566e+10 1.566151119996148682e+10 0.000000000000000000e+00 0.000000000000000000e+00 0.000000000000000000e+00 0.000000000000000000e+00 0.000000000000000000e+00 0.000000000000000000e+00 0.000000000000000000e+00 0.000000000000000000e+00 0.000000000000000000e+00 0.000000000000000000e+00
1.486739758911734390e+10 1.566066351405007744e+10 1.566150863923384094e+10 1.566151119996148682e+10 1.566498802840533638e+10 0.000000000000000000e+00 0.000000000000000000e+00 0.000000000000000000e+00 0.000000000000000000e+00 0.000000000000000000e+00 0.000000000000000000e+00 0.000000000000000000e+00 0.000000000000000000e+00 0.000000000000000000e+00 0.000000000000000000e+00
0.000000000000000000e+00 0.000000000000000000e+00 0.000000000000000000e+00 0.000000000000000000e+00 0.000000000000000000e+00 3.553089018780715466e+09 6.544303999780697823e+09 1.082430576279850769e+10 1.083382350705990982e+10 1.083382796588342476e+10 0.000000000000000000e+00 0.000000000000000000e+00 0.000000000000000000e+00 0.000000000000000000e+00 0.000000000000000000e+00
0.000000000000000000e+00 0.000000000000000000e+00 0.000000000000000000e+00 0.000000000000000000e+00 0.000000000000000000e+00 6.544303999780696869e+09 1.205371287214260101e+10 1.993689072350916672e+10 1.995442110665170288e+10 1.995442931919476318e+10 0.000000000000000000e+00 0.000000000000000000e+00 0.000000000000000000e+00 0.000000000000000000e+00 0.000000000000000000e+00
0.000000000000000000e+00 0.000000000000000000e+00 0.000000000000000000e+00 0.000000000000000000e+00 0.000000000000000000e+00 1.082430576279850578e+10 1.993689072350916672e+10 3.297569934984621811e+10 3.300469467574798203e+10 3.300470825932801819e+10 0.000000000000000000e+00 0.000000000000000000e+00 0.000000000000000000e+00 0.000000000000000000e+00 0.000000000000000000e+00
0.000000000000000000e+00 0.000000000000000000e+00 0.000000000000000000e+00 0.000000000000000000e+00 0.000000000000000000e+00 1.083382350705990791e+10 1.995442110665170288e+10 3.300469467574798203e+10 3.303371549705820465e+10 3.303372909258219528e+10 0.000000000000000000e+00 0.000000000000000000e+00 0.000000000000000000e+00 0.000000000000000000e+00 0.000000000000000000e+00
0.000000000000000000e+00 0.000000000000000000e+00 0.000000000000000000e+00 0.000000000000000000e+00 0.000000000000000000e+00 1.083382796588342285e+10 1.995442931919476318e+10 3.300470825932801819e+10 3.303372909258220291e+10 3.303374268811178970e+10 0.000000000000000000e+00 0.000000000000000000e+00 0.000000000000000000e+00 0.000000000000000000e+00 0.000000000000000000e+00
0.000000000000000000e+00 0.000000000000000000e+00 0.000000000000000000e+00 0.000000000000000000e+00 0.000000000000000000e+00 0.000000000000000000e+00 0.000000000000000000e+00 0.000000000000000000e+00 0.000000000000000000e+00 0.000000000000000000e+00 6.071596995369440079e+09 6.071670617784914970e+09 6.151718333350734711e+09 1.811619472429636002e+10 1.902090435637987518e+10
0.000000000000000000e+00 0.000000000000000000e+00 0.000000000000000000e+00 0.000000000000000000e+00 0.000000000000000000e+00 0.000000000000000000e+00 0.000000000000000000e+00 0.000000000000000000e+00 0.000000000000000000e+00 0.000000000000000000e+00 6.071670617784915924e+09 6.071744241093114853e+09 6.151792927294200897e+09 1.811641439599325180e+10 1.902113499832207108e+10
0.000000000000000000e+00 0.000000000000000000e+00 0.000000000000000000e+00 0.000000000000000000e+00 0.000000000000000000e+00 0.000000000000000000e+00 0.000000000000000000e+00 0.000000000000000000e+00 0.000000000000000000e+00 0.000000000000000000e+00 6.151718333350734711e+09 6.151792927294200897e+09 6.232896959687104225e+09 1.835525765313489532e+10 1.927190591458765411e+10
0.000000000000000000e+00 0.000000000000000000e+00 0.000000000000000000e+00 0.000000000000000000e+00 0.000000000000000000e+00 0.000000000000000000e+00 0.000000000000000000e+00 0.000000000000000000e+00 0.000000000000000000e+00 0.000000000000000000e+00 1.811619472429636002e+10 1.811641439599325180e+10 1.835525765313489914e+10 5.405439648562402344e+10 5.675383386202951050e+10
0.000000000000000000e+00 0.000000000000000000e+00 0.000000000000000000e+00 0.000000000000000000e+00 0.000000000000000000e+00 0.000000000000000000e+00 0.000000000000000000e+00 0.000000000000000000e+00 0.000000000000000000e+00 0.000000000000000000e+00 1.902090435637987518e+10 1.902113499832207108e+10 1.927190591458765411e+10 5.675383386202951050e+10 5.958807918418780518e+10
