# Mass bin covariance matrix (matching hmf_err7.py)
1.692826647187716735e+05 2.975092851398468596e+01 4.378192611449665606e+01 5.859756523540099238e+01 8.196830638725874962e+01 2.595383432433623057e+02 0.000000000000000000e+00 0.000000000000000000e+00 0.000000000000000000e+00 0.000000000000000000e+00 0.000000000000000000e+00 0.000000000000000000e+00 0.000000000000000000e+00 0.000000000000000000e+00 0.000000000000000000e+00 0.000000000000000000e+00 0.000000000000000000e+00 0.000000000000000000e+00
2.975092851398468596e+01 9.896029965196841658e+03 7.770670045698898321e+01 1.040023556146948351e+02 1.454821017865728265e+02 4.606436967339669195e+02 0.000000000000000000e+00 0.000000000000000000e+00 0.000000000000000000e+00 0.000000000000000000e+00 0.000000000000000000e+00 0.000000000000000000e+00 0.000000000000000000e+00 0.000000000000000000e+00 0.000000000000000000e+00 0.000000000000000000e+00 0.000000000000000000e+00 0.000000000000000000e+00
4.378192611449665606e+01 7.770670045698899742e+01 6.478363644114494946e+02 1.530514735738684635e+02 2.140937089881877284e+02 6.778903820106005469e+02 0.000000000000000000e+00 0.000000000000000000e+00 0.000000000000000000e+00 0.000000000000000000e+00 0.000000000000000000e+00 0.000000000000000000e+00 0.000000000000000000e+00 0.000000000000000000e+00 0.000000000000000000e+00 0.000000000000000000e+00 0.000000000000000000e+00 0.000000000000000000e+00
5.859756523540099238e+01 1.040023556146948636e+02 1.530514735738684351e+02 2.528869985506725016e+02 2.865422148426307558e+02 9.072859375450009338e+02 0.000000000000000000e+00 0.000000000000000000e+00 0.000000000000000000e+00 0.000000000000000000e+00 0.000000000000000000e+00 0.000000000000000000e+00 0.000000000000000000e+00 0.000000000000000000e+00 0.000000000000000000e+00 0.000000000000000000e+00 0.000000000000000000e+00 0.000000000000000000e+00
8.196830638725874962e+01 1.454821017865728265e+02 2.140937089881877000e+02 2.865422148426306990e+02 4.047107376306389597e+02 1.269143033687191974e+03 0.000000000000000000e+00 0.000000000000000000e+00 0.000000000000000000e+00 0.000000000000000000e+00 0.000000000000000000e+00 0.000000000000000000e+00 0.000000000000000000e+00 0.000000000000000000e+00 0.000000000000000000e+00 0.000000000000000000e+00 0.000000000000000000e+00 0.000000000000000000e+00
2.595383432433623057e+02 4.606436967339669764e+02 6.778903820106004332e+02 9.072859375450009338e+02 1.269143033687191974e+03 4.018520020971232498e+03 0.000000000000000000e+00 0.000000000000000000e+00 0.000000000000000000e+00 0.000000000000000000e+00 0.000000000000000000e+00 0.000000000000000000e+00 0.000000000000000000e+00 0.000000000000000000e+00 0.000000000000000000e+00 0.000000000000000000e+00 0.000000000000000000e+00 0.000000000000000000e+00
0.000000000000000000e+00 0.000000000000000000e+00 0.000000000000000000e+00 0.000000000000000000e+00 0.000000000000000000e+00 0.000000000000000000e+00 4.451332425135291996e+05 2.365172703844011437e+01 3.646765499237712049e+01 5.005055064737554460e+01 7.153073606964875353e+01 2.354442917909259165e+02 0.000000000000000000e+00 0.000000000000000000e+00 0.000000000000000000e+00 0.000000000000000000e+00 0.000000000000000000e+00 0.000000000000000000e+00
0.000000000000000000e+00 0.000000000000000000e+00 0.000000000000000000e+00 0.000000000000000000e+00 0.000000000000000000e+00 0.000000000000000000e+00 2.365172703844011437e+01 1.311629831613840906e+04 7.248525709767730518e+01 9.948341982268085815e+01 1.421787004258541174e+02 4.679829297006676256e+02 0.000000000000000000e+00 0.000000000000000000e+00 0.000000000000000000e+00 0.000000000000000000e+00 0.000000000000000000e+00 0.000000000000000000e+00
0.000000000000000000e+00 0.000000000000000000e+00 0.000000000000000000e+00 0.000000000000000000e+00 0.000000000000000000e+00 0.000000000000000000e+00 3.646765499237712049e+01 7.248525709767730518e+01 4.662436308394022717e+02 1.533895188989381495e+02 2.192196699195690712e+02 7.215642221351874923e+02 0.000000000000000000e+00 0.000000000000000000e+00 0.000000000000000000e+00 0.000000000000000000e+00 0.000000000000000000e+00 0.000000000000000000e+00
0.000000000000000000e+00 0.000000000000000000e+00 0.000000000000000000e+00 0.000000000000000000e+00 0.000000000000000000e+00 0.000000000000000000e+00 5.005055064737554460e+01 9.948341982268084394e+01 1.533895188989381495e+02 2.264743581568510820e+02 3.008711471714823915e+02 9.903210571905551660e+02 0.000000000000000000e+00 0.000000000000000000e+00 0.000000000000000000e+00 0.000000000000000000e+00 0.000000000000000000e+00 0.000000000000000000e+00
0.000000000000000000e+00 0.000000000000000000e+00 0.000000000000000000e+00 0.000000000000000000e+00 0.000000000000000000e+00 0.000000000000000000e+00 7.153073606964875353e+01 1.421787004258541174e+02 2.192196699195690996e+02 3.008711471714823915e+02 4.304513823211021872e+02 1.415336959331287972e+03 0.000000000000000000e+00 0.000000000000000000e+00 0.000000000000000000e+00 0.000000000000000000e+00 0.000000000000000000e+00 0.000000000000000000e+00
0.000000000000000000e+00 0.000000000000000000e+00 0.000000000000000000e+00 0.000000000000000000e+00 0.000000000000000000e+00 0.000000000000000000e+00 2.354442917909259165e+02 4.679829297006676256e+02 7.215642221351874923e+02 9.903210571905551660e+02 1.415336959331287744e+03 4.658598895317000824e+03 0.000000000000000000e+00 0.000000000000000000e+00 0.000000000000000000e+00 0.000000000000000000e+00 0.000000000000000000e+00 0.000000000000000000e+00
0.000000000000000000e+00 0.000000000000000000e+00 0.000000000000000000e+00 0.000000000000000000e+00 0.000000000000000000e+00 0.000000000000000000e+00 0.000000000000000000e+00 0.000000000000000000e+00 0.000000000000000000e+00 0.000000000000000000e+00 0.000000000000000000e+00 0.000000000000000000e+00 7.414651317793210037e+05 2.217319062829760412e+01 3.539156289923921861e+01 4.944007885068808861e+01 7.169893189863722682e+01 2.421154409944757333e+02
0.000000000000000000e+00 0.000000000000000000e+00 0.000000000000000000e+00 0.000000000000000000e+00 0.000000000000000000e+00 0.000000000000000000e+00 0.000000000000000000e+00 0.000000000000000000e+00 0.000000000000000000e+00 0.000000000000000000e+00 0.000000000000000000e+00 0.000000000000000000e+00 2.217319062829760412e+01 9.971431689813793128e+03 7.741838422966985434e+01 1.081492510433898815e+02 1.568400772350449301e+02 5.296230147340910435e+02
0.000000000000000000e+00 0.000000000000000000e+00 0.000000000000000000e+00 0.000000000000000000e+00 0.000000000000000000e+00 0.000000000000000000e+00 0.000000000000000000e+00 0.000000000000000000e+00 0.000000000000000000e+00 0.000000000000000000e+00 0.000000000000000000e+00 0.000000000000000000e+00 3.539156289923921150e+01 7.741838422966985434e+01 2.454487365510185555e+02 1.726215719231208823e+02 2.503390491534237583e+02 8.453535872697002560e+02
0.000000000000000000e+00 0.000000000000000000e+00 0.000000000000000000e+00 0.000000000000000000e+00 0.000000000000000000e+00 0.000000000000000000e+00 0.000000000000000000e+00 0.000000000000000000e+00 0.000000000000000000e+00 0.000000000000000000e+00 0.000000000000000000e+00 0.000000000000000000e+00 4.944007885068808861e+01 1.081492510433898815e+02 1.726215719231208823e+02 2.436241886500180556e+02 3.497099680166315920e+02 1.180912753989297244e+03
0.000000000000000000e+00 0.000000000000000000e+00 0.000000000000000000e+00 0.000000000000000000e+00 0.000000000000000000e+00 0.000000000000000000e+00 0.000000000000000000e+00 0.000000000000000000e+00 0.000000000000000000e+00 0.000000000000000000e+00 0.000000000000000000e+00 0.000000000000000000e+00 7.169893189863722682e+01 1.568400772350449301e+02 2.503390491534237583e+02 3.497099680166315920e+02 5.071775140861361137e+02 1.712581878807669909e+03
0.000000000000000000e+00 0.000000000000000000e+00 0.000000000000000000e+00 0.000000000000000000e+00 0.000000000000000000e+00 0.000000000000000000e+00 0.000000000000000000e+00 0.000000000000000000e+00 0.000000000000000000e+00 0.000000000000000000e+00 0.000000000000000000e+00 0.000000000000000000e+00 2.421154409944757333e+02 5.296230147340911572e+02 8.453535872697004834e+02 1.180912753989297244e+03 1.712581878807670364e+03 5.783105910320373368e+03
